### SEAM DETECT: per column, strong vertical color jumps (win=4px)
316 [(361, (255, 247, 237), (234, 75, 80)), (418, (244, 57, 52), (181, 7, 17))]
322 [(347, (252, 255, 244), (230, 100, 76)), (406, (241, 67, 60), (171, 3, 2)), (630, (216, 42, 43), (164, 5, 9))]
328 [(337, (255, 246, 243), (245, 90, 70)), (399, (243, 61, 60), (176, 7, 14)), (617, (213, 43, 46), (156, 2, 10)), (711, (237, 30, 36), (255, 251, 248))]
334 [(329, (255, 252, 246), (255, 108, 79)), (394, (243, 62, 53), (161, 10, 19)), (604, (214, 39, 44), (148, 1, 9)), (711, (228, 32, 36), (242, 251, 246))]
340 [(322, (254, 255, 250), (253, 96, 77)), (390, (241, 67, 58), (145, 11, 12)), (593, (215, 38, 44), (146, 0, 1)), (709, (229, 32, 42), (255, 252, 252))]
346 [(317, (255, 247, 250), (253, 107, 68)), (388, (241, 67, 60), (134, 3, 9)), (583, (214, 33, 40), (127, 0, 0)), (708, (241, 38, 41), (255, 247, 251))]
352 [(312, (255, 244, 250), (251, 105, 68)), (386, (240, 61, 54), (130, 0, 11)), (575, (203, 30, 36), (137, 2, 6)), (706, (239, 29, 42), (241, 251, 243))]
358 [(308, (255, 253, 255), (248, 108, 72)), (386, (240, 59, 52), (133, 0, 13)), (567, (211, 32, 36), (135, 2, 5)), (704, (226, 35, 40), (255, 250, 248))]
364 [(305, (255, 249, 250), (255, 108, 84)), (386, (239, 56, 50), (128, 0, 11)), (561, (198, 32, 34), (140, 3, 11)), (701, (233, 26, 42), (255, 251, 251))]
370 [(303, (255, 247, 255), (253, 102, 75)), (386, (238, 53, 50), (121, 7, 7)), (554, (207, 28, 34), (129, 2, 11)), (698, (232, 31, 37), (255, 250, 248))]
376 [(301, (255, 246, 240), (253, 99, 73)), (388, (238, 50, 48), (133, 0, 6)), (548, (200, 23, 31), (127, 3, 3)), (694, (229, 23, 36), (254, 254, 244))]
382 [(299, (255, 250, 255), (254, 99, 79)), (391, (233, 48, 46), (129, 3, 7)), (543, (200, 23, 29), (131, 1, 3)), (689, (233, 32, 42), (255, 242, 233))]
388 [(297, (255, 250, 255), (255, 97, 75)), (395, (234, 48, 49), (139, 4, 11)), (538, (203, 24, 30), (136, 3, 8)), (684, (230, 39, 47), (255, 244, 250))]
394 [(297, (255, 248, 247), (254, 94, 70)), (400, (228, 42, 43), (137, 0, 5)), (535, (193, 20, 26), (134, 1, 6)), (678, (235, 29, 49), (255, 255, 246))]
400 [(296, (255, 251, 248), (247, 94, 63)), (407, (235, 45, 45), (141, 1, 10)), (531, (196, 25, 31), (131, 0, 1)), (670, (226, 26, 39), (255, 248, 247))]
406 [(296, (252, 251, 249), (248, 90, 63)), (415, (225, 42, 46), (136, 0, 2)), (527, (195, 15, 26), (138, 2, 6)), (660, (229, 45, 53), (255, 239, 237))]
412 [(296, (246, 252, 250), (247, 87, 63)), (425, (227, 39, 40), (139, 0, 0)), (524, (191, 17, 27), (134, 0, 9)), (646, (189, 28, 44), (255, 248, 244))]
418 [(297, (249, 255, 255), (255, 89, 71)), (435, (234, 42, 41), (255, 251, 244))]
424 [(298, (255, 251, 251), (255, 79, 67)), (445, (244, 41, 45), (255, 242, 241))]
430 [(300, (238, 255, 249), (246, 75, 58)), (457, (228, 44, 54), (255, 245, 252))]
436 [(302, (255, 249, 243), (239, 73, 57)), (468, (223, 40, 45), (255, 246, 241))]
442 [(305, (254, 255, 244), (255, 64, 67)), (479, (222, 48, 50), (255, 239, 241))]
448 [(308, (250, 255, 252), (247, 58, 56)), (492, (214, 33, 42), (255, 254, 255))]
454 [(312, (255, 252, 254), (247, 56, 46)), (503, (208, 26, 25), (255, 248, 247))]
460 [(316, (255, 253, 251), (242, 54, 53)), (514, (218, 27, 34), (255, 241, 234))]
466 [(321, (255, 247, 251), (243, 39, 51)), (525, (224, 28, 40), (255, 239, 241))]
472 [(327, (253, 246, 240), (243, 40, 46)), (537, (231, 24, 40), (255, 247, 238))]
478 [(334, (255, 249, 243), (240, 41, 46)), (548, (232, 41, 49), (255, 229, 228))]
484 [(342, (255, 244, 241), (248, 40, 53)), (560, (214, 19, 27), (250, 243, 233))]
490 [(351, (255, 253, 248), (222, 43, 49)), (572, (213, 17, 31), (245, 247, 234))]
496 [(361, (255, 245, 244), (231, 50, 59)), (583, (209, 25, 35), (255, 242, 238))]
502 [(371, (255, 252, 246), (240, 53, 74)), (375, (207, 129, 129), (243, 33, 46)), (595, (211, 20, 36), (252, 244, 233))]
508 [(383, (255, 250, 241), (214, 35, 56)), (607, (207, 32, 47), (255, 247, 235))]
514 [(395, (255, 242, 243), (240, 44, 58)), (618, (213, 26, 37), (255, 246, 247))]
520 [(406, (255, 243, 243), (212, 36, 49)), (629, (221, 15, 35), (255, 242, 238))]
526 [(418, (255, 250, 255), (230, 39, 54)), (641, (222, 43, 46), (255, 246, 244))]
532 [(429, (255, 251, 248), (221, 35, 46)), (433, (216, 112, 119), (232, 30, 42)), (652, (224, 26, 43), (255, 255, 251))]
538 [(441, (255, 242, 242), (225, 36, 43)), (661, (199, 20, 16), (255, 249, 241))]
544 [(452, (255, 251, 244), (206, 36, 49)), (670, (204, 19, 25), (255, 248, 244))]
550 [(464, (255, 246, 248), (200, 34, 44)), (677, (218, 39, 43), (255, 251, 245))]
556 [(476, (254, 245, 238), (201, 29, 43)), (683, (217, 31, 34), (247, 238, 231))]
562 [(487, (255, 247, 248), (202, 35, 45)), (688, (218, 35, 37), (255, 244, 248))]
568 [(499, (253, 254, 249), (218, 27, 43)), (692, (225, 27, 24), (247, 248, 243))]
574 [(511, (255, 245, 246), (223, 43, 52)), (696, (220, 39, 30), (252, 251, 247))]
580 [(522, (255, 252, 243), (208, 26, 51)), (699, (231, 42, 40), (253, 243, 242))]
586 [(534, (255, 247, 253), (208, 22, 36)), (702, (229, 46, 38), (255, 244, 241))]
592 [(546, (255, 243, 243), (210, 19, 34)), (704, (225, 54, 47), (255, 251, 248))]
598 [(557, (251, 255, 246), (206, 16, 26)), (706, (233, 55, 51), (255, 254, 253))]
604 [(568, (255, 244, 229), (206, 27, 33)), (707, (236, 59, 51), (255, 255, 247))]
610 [(356, (255, 247, 243), (213, 36, 54)), (470, (251, 42, 38), (255, 99, 44)), (577, (233, 59, 34), (208, 24, 26)), (708, (243, 59, 59), (255, 250, 255))]
616 [(342, (255, 254, 246), (248, 42, 46)), (467, (243, 31, 30), (248, 112, 50)), (587, (235, 56, 36), (210, 25, 23)), (708, (247, 65, 62), (255, 247, 255))]
622 [(332, (255, 247, 253), (224, 41, 25)), (463, (246, 31, 38), (247, 108, 51)), (708, (245, 66, 62), (255, 246, 254))]
628 [(324, (238, 244, 232), (241, 34, 40)), (460, (249, 32, 43), (254, 112, 50)), (708, (241, 74, 65), (255, 244, 255))]
634 [(318, (234, 247, 230), (249, 47, 43)), (457, (240, 33, 39), (250, 117, 50)), (707, (244, 76, 65), (254, 252, 255))]
640 [(313, (255, 255, 253), (242, 41, 33)), (452, (246, 31, 38), (247, 111, 49)), (706, (242, 78, 66), (247, 255, 251))]
646 [(308, (241, 252, 246), (249, 35, 35)), (446, (246, 32, 44), (252, 102, 52)), (705, (243, 81, 68), (254, 251, 246))]
652 [(305, (255, 247, 254), (241, 39, 29)), (442, (237, 31, 35), (249, 104, 47)), (617, (242, 77, 47), (226, 35, 40)), (702, (235, 77, 65), (255, 249, 249))]
658 [(302, (240, 247, 253), (242, 42, 42)), (436, (236, 27, 33), (250, 103, 49)), (700, (243, 82, 64), (255, 252, 250))]
664 [(300, (251, 255, 249), (243, 41, 39)), (429, (246, 30, 45), (251, 99, 50)), (619, (246, 89, 48), (228, 35, 40)), (697, (251, 87, 77), (250, 254, 253))]
670 [(298, (253, 254, 249), (247, 37, 36)), (422, (242, 27, 43), (252, 97, 49)), (617, (246, 99, 48), (228, 39, 37)), (692, (232, 87, 68), (255, 250, 250))]
676 [(296, (251, 255, 255), (243, 46, 40)), (413, (249, 28, 37), (255, 87, 57)), (616, (249, 103, 52), (221, 39, 36)), (688, (249, 78, 70), (255, 246, 237))]
682 [(295, (255, 252, 248), (248, 35, 39)), (404, (246, 25, 34), (246, 90, 50)), (614, (249, 121, 60), (226, 38, 39)), (683, (247, 75, 73), (254, 255, 245))]
688 [(294, (246, 253, 246), (241, 35, 39)), (393, (248, 30, 44), (255, 83, 55)), (609, (252, 150, 65), (221, 49, 35)), (675, (234, 81, 73), (255, 241, 240))]
694 [(293, (255, 248, 255), (246, 33, 37)), (381, (244, 31, 33), (255, 84, 50)), (604, (243, 156, 63), (225, 44, 37)), (667, (237, 71, 75), (255, 251, 234))]
700 [(292, (251, 255, 255), (247, 31, 32)), (597, (255, 148, 76), (223, 36, 31)), (657, (214, 68, 71), (255, 251, 238))]
706 [(292, (250, 255, 251), (238, 32, 36)), (587, (255, 146, 79), (214, 39, 18)), (642, (200, 39, 45), (255, 244, 240))]
712 [(292, (252, 255, 255), (237, 166, 164))]

### ROWS (colors every 8px where ink)
y 340 [(332, (255, 100, 72)), (340, (252, 92, 70)), (348, (253, 88, 68)), (356, (251, 86, 66)), (364, (251, 82, 63)), (372, (249, 78, 61)), (380, (250, 74, 59)), (388, (249, 71, 59)), (396, (249, 68, 57)), (404, (247, 66, 59)), (412, (246, 61, 56)), (420, (244, 60, 52)), (428, (245, 56, 50)), (436, (245, 53, 52)), (444, (243, 51, 50)), (452, (243, 49, 50)), (460, (240, 46, 47)), (468, (242, 43, 48)), (476, (240, 41, 46)), (484, (239, 170, 173)), (620, (251, 48, 51)), (628, (242, 43, 40)), (636, (244, 40, 39)), (644, (244, 38, 38)), (652, (244, 38, 42)), (660, (246, 37, 43)), (668, (248, 34, 42)), (676, (246, 32, 40)), (684, (246, 32, 40)), (692, (246, 32, 42)), (700, (247, 30, 41)), (708, (255, 50, 37))]
y 380 [(316, (246, 79, 47)), (324, (247, 69, 59)), (332, (247, 66, 57)), (340, (244, 65, 58)), (348, (242, 63, 56)), (356, (239, 60, 53)), (364, (239, 56, 50)), (372, (238, 53, 50)), (380, (240, 51, 49)), (388, (238, 48, 48)), (396, (239, 46, 47)), (404, (241, 45, 47)), (412, (239, 43, 45)), (420, (239, 43, 47)), (428, (238, 42, 46)), (436, (238, 42, 46)), (444, (237, 41, 45)), (452, (237, 41, 45)), (460, (237, 41, 45)), (468, (237, 41, 45)), (476, (237, 41, 45)), (484, (237, 41, 45)), (492, (236, 40, 44)), (500, (231, 42, 46)), (612, (245, 39, 39)), (620, (245, 36, 41)), (628, (245, 34, 40)), (636, (245, 34, 40)), (644, (245, 34, 41)), (652, (244, 33, 40)), (660, (245, 31, 41)), (668, (248, 31, 42)), (676, (247, 30, 41)), (684, (250, 28, 41)), (692, (249, 32, 40)), (700, (248, 80, 41)), (708, (255, 75, 38))]
y 420 [(316, (180, 4, 14)), (324, (177, 10, 17)), (332, (177, 10, 17)), (340, (177, 10, 18)), (348, (171, 10, 16)), (356, (161, 8, 13)), (364, (153, 6, 14)), (372, (150, 4, 14)), (380, (145, 4, 12)), (388, (143, 4, 11)), (396, (142, 3, 10)), (404, (132, 3, 7)), (412, (229, 36, 39)), (420, (234, 41, 42)), (428, (233, 40, 43)), (436, (235, 40, 44)), (444, (235, 40, 44)), (452, (234, 41, 44)), (460, (234, 41, 44)), (468, (234, 39, 43)), (476, (234, 39, 43)), (484, (233, 38, 44)), (492, (233, 38, 44)), (500, (233, 38, 42)), (508, (232, 37, 41)), (516, (226, 38, 39)), (524, (216, 28, 43)), (612, (242, 32, 33)), (620, (242, 31, 37)), (628, (245, 31, 39)), (636, (245, 31, 39)), (644, (246, 31, 39)), (652, (247, 32, 40)), (660, (250, 30, 42)), (668, (242, 33, 38)), (676, (255, 96, 55)), (684, (253, 92, 46)), (692, (253, 90, 47)), (700, (253, 90, 47)), (708, (255, 90, 42))]
y 470 [(316, (196, 14, 13)), (324, (190, 15, 20)), (332, (194, 15, 21)), (340, (193, 16, 24)), (348, (192, 15, 23)), (356, (190, 17, 23)), (364, (189, 16, 22)), (372, (188, 14, 23)), (380, (182, 13, 20)), (388, (177, 10, 18)), (396, (174, 10, 17)), (404, (172, 8, 15)), (412, (165, 10, 16)), (436, (255, 180, 175)), (444, (230, 36, 37)), (452, (227, 37, 39)), (460, (226, 36, 38)), (468, (229, 36, 41)), (476, (229, 36, 41)), (484, (228, 35, 40)), (492, (227, 34, 39)), (500, (226, 33, 38)), (508, (226, 33, 38)), (516, (227, 32, 38)), (524, (227, 32, 38)), (532, (225, 30, 38)), (540, (224, 29, 37)), (548, (216, 22, 30)), (612, (255, 107, 65)), (620, (252, 114, 49)), (628, (254, 112, 50)), (636, (255, 113, 51)), (644, (255, 112, 52)), (652, (255, 112, 52)), (660, (255, 112, 52)), (668, (254, 111, 51)), (676, (254, 111, 53)), (684, (253, 110, 52)), (692, (254, 109, 54)), (700, (253, 108, 53)), (708, (255, 106, 45))]
y 520 [(316, (206, 21, 18)), (324, (202, 23, 26)), (332, (203, 24, 27)), (340, (203, 24, 27)), (348, (202, 23, 26)), (356, (202, 23, 27)), (364, (201, 22, 26)), (372, (201, 22, 28)), (380, (200, 21, 27)), (388, (200, 21, 27)), (396, (199, 20, 26)), (404, (202, 18, 28)), (412, (191, 17, 27)), (468, (221, 17, 18)), (476, (229, 25, 34)), (484, (222, 27, 33)), (492, (223, 28, 34)), (500, (222, 29, 34)), (508, (223, 30, 35)), (516, (221, 27, 35)), (524, (220, 26, 34)), (532, (221, 26, 34)), (540, (220, 25, 33)), (548, (219, 23, 33)), (556, (218, 22, 32)), (564, (216, 22, 31)), (572, (217, 21, 35)), (580, (255, 221, 213)), (612, (243, 86, 43)), (620, (248, 92, 44)), (628, (248, 101, 49)), (636, (250, 114, 52)), (644, (254, 127, 58)), (652, (252, 130, 55)), (660, (253, 131, 56)), (668, (253, 131, 56)), (676, (255, 131, 57)), (684, (254, 130, 56)), (692, (254, 127, 56)), (700, (253, 126, 55)), (708, (255, 125, 49))]
y 570 [(316, (215, 26, 22)), (324, (208, 28, 29)), (332, (212, 28, 30)), (340, (212, 29, 33)), (348, (211, 28, 32)), (356, (169, 19, 21)), (364, (137, 2, 9)), (372, (145, 4, 12)), (380, (151, 4, 10)), (388, (157, 6, 11)), (396, (165, 5, 13)), (404, (171, 7, 16)), (412, (168, 11, 18)), (492, (217, 23, 32)), (500, (217, 24, 29)), (508, (216, 23, 28)), (516, (217, 23, 31)), (524, (217, 23, 31)), (532, (215, 24, 31)), (540, (214, 23, 30)), (548, (214, 23, 31)), (556, (214, 23, 31)), (564, (215, 21, 30)), (572, (215, 21, 30)), (580, (215, 21, 30)), (588, (214, 20, 29)), (596, (211, 22, 29)), (604, (173, 12, 17)), (612, (234, 63, 37)), (620, (233, 66, 34)), (628, (240, 71, 40)), (636, (242, 80, 42)), (644, (246, 89, 46)), (652, (247, 103, 50)), (660, (253, 117, 55)), (668, (254, 145, 60)), (676, (252, 146, 60)), (684, (251, 145, 59)), (692, (253, 144, 59)), (700, (253, 144, 59)), (708, (245, 138, 58))]
y 620 [(316, (225, 33, 28)), (324, (209, 35, 37)), (332, (156, 7, 13)), (340, (168, 7, 13)), (348, (181, 10, 16)), (356, (191, 14, 20)), (364, (201, 16, 22)), (372, (203, 18, 26)), (380, (209, 19, 29)), (388, (211, 20, 28)), (396, (215, 19, 29)), (404, (216, 20, 32)), (412, (209, 21, 35)), (516, (163, 22, 31)), (524, (216, 19, 29)), (532, (212, 21, 28)), (540, (212, 21, 28)), (548, (212, 21, 28)), (556, (213, 22, 29)), (564, (214, 23, 30)), (572, (214, 23, 30)), (580, (215, 24, 32)), (588, (215, 24, 32)), (596, (215, 24, 32)), (604, (216, 25, 33)), (612, (216, 25, 33)), (620, (217, 26, 34)), (628, (217, 28, 35)), (636, (219, 28, 36)), (644, (221, 32, 38)), (652, (219, 34, 32)), (660, (218, 35, 29)), (668, (222, 38, 30)), (676, (221, 39, 36)), (684, (227, 36, 41)), (692, (228, 40, 41)), (700, (229, 41, 42)), (708, (221, 52, 49))]
y 660 [(316, (174, 3, 12)), (324, (199, 20, 24)), (332, (211, 22, 29)), (340, (213, 22, 29)), (348, (216, 25, 32)), (356, (219, 25, 33)), (364, (221, 27, 35)), (372, (223, 28, 36)), (380, (225, 28, 37)), (388, (229, 27, 39)), (396, (226, 29, 39)), (404, (238, 20, 44)), (540, (223, 32, 37)), (548, (215, 26, 30)), (556, (213, 29, 31)), (564, (217, 28, 34)), (572, (218, 29, 35)), (580, (217, 31, 36)), (588, (218, 32, 37)), (596, (219, 33, 36)), (604, (220, 34, 37)), (612, (222, 36, 37)), (620, (224, 38, 39)), (628, (226, 40, 41)), (636, (229, 43, 44)), (644, (231, 47, 45)), (652, (234, 50, 48)), (660, (234, 55, 50)), (668, (236, 57, 52)), (676, (240, 61, 56)), (684, (240, 66, 59)), (692, (244, 66, 64))]
y 690 [(316, (230, 24, 26)), (324, (223, 28, 34)), (332, (224, 29, 35)), (340, (226, 29, 36)), (348, (228, 31, 38)), (356, (230, 30, 40)), (364, (234, 30, 41)), (372, (233, 28, 35)), (380, (225, 44, 63)), (564, (164, 32, 43)), (572, (220, 43, 37)), (580, (221, 41, 40)), (588, (226, 42, 42)), (596, (228, 44, 42)), (604, (229, 50, 46)), (612, (231, 53, 49)), (620, (235, 57, 53)), (628, (236, 62, 55)), (636, (239, 66, 59)), (644, (243, 70, 63)), (652, (243, 75, 66)), (660, (239, 83, 70)), (668, (243, 81, 70)), (676, (255, 212, 205))]

### COLS (colors every 12px)
x 330 [(340, (235, 97, 61)), (352, (253, 88, 66)), (364, (250, 77, 61)), (376, (248, 70, 58)), (388, (246, 63, 55)), (400, (173, 6, 14)), (412, (175, 9, 19)), (424, (178, 11, 18)), (436, (183, 12, 18)), (448, (184, 13, 19)), (460, (190, 13, 21)), (472, (192, 15, 21)), (484, (195, 16, 20)), (496, (198, 19, 23)), (508, (200, 21, 25)), (520, (202, 23, 26)), (532, (205, 25, 26)), (544, (206, 26, 27)), (556, (208, 28, 29)), (568, (212, 28, 30)), (580, (213, 30, 32)), (592, (213, 33, 34)), (604, (209, 34, 39)), (616, (150, 0, 0)), (628, (157, 7, 16)), (640, (176, 10, 14)), (652, (199, 18, 23)), (664, (212, 21, 28)), (676, (219, 26, 31)), (688, (223, 28, 34)), (700, (229, 30, 37)), (712, (176, 46, 58))]
x 360 [(316, (255, 99, 76)), (328, (252, 92, 68)), (340, (251, 84, 65)), (352, (248, 74, 63)), (364, (245, 67, 57)), (376, (240, 59, 52)), (388, (127, 2, 8)), (400, (140, 3, 11)), (412, (150, 5, 10)), (424, (160, 7, 12)), (436, (171, 10, 16)), (448, (182, 11, 19)), (460, (188, 12, 22)), (472, (190, 15, 22)), (484, (194, 17, 23)), (496, (198, 19, 25)), (508, (200, 21, 27)), (520, (201, 22, 26)), (532, (205, 24, 29)), (544, (206, 27, 31)), (556, (209, 26, 31)), (568, (134, 1, 2)), (580, (144, 5, 12)), (592, (160, 7, 12)), (604, (173, 10, 15)), (616, (189, 14, 19)), (628, (203, 18, 24)), (640, (209, 23, 28)), (652, (217, 23, 31)), (664, (222, 28, 36)), (676, (226, 29, 38)), (688, (231, 29, 41)), (700, (244, 36, 49))]
x 390 [(304, (252, 93, 71)), (316, (252, 87, 67)), (328, (251, 78, 62)), (340, (249, 71, 59)), (352, (247, 64, 56)), (364, (244, 56, 54)), (376, (240, 50, 50)), (388, (239, 45, 43)), (400, (133, 0, 6)), (412, (138, 3, 9)), (424, (145, 4, 12)), (436, (152, 5, 11)), (448, (161, 8, 13)), (460, (170, 9, 17)), (472, (177, 10, 18)), (484, (187, 13, 22)), (496, (193, 16, 24)), (508, (195, 18, 26)), (520, (200, 21, 27)), (532, (202, 23, 29)), (544, (133, 2, 8)), (556, (147, 4, 10)), (568, (157, 6, 13)), (580, (170, 9, 15)), (592, (187, 14, 20)), (604, (202, 16, 27)), (616, (210, 19, 27)), (628, (216, 22, 31)), (640, (219, 25, 34)), (652, (225, 28, 38)), (664, (228, 28, 39)), (676, (238, 27, 34))]
x 410 [(304, (253, 82, 65)), (316, (250, 77, 60)), (328, (251, 70, 59)), (340, (247, 62, 57)), (352, (245, 56, 54)), (364, (244, 50, 50)), (376, (239, 45, 46)), (388, (236, 41, 45)), (400, (236, 41, 45)), (412, (239, 40, 43)), (424, (141, 0, 0)), (436, (146, 2, 11)), (448, (154, 7, 15)), (460, (160, 6, 16)), (472, (171, 10, 18)), (484, (176, 11, 18)), (496, (183, 14, 21)), (508, (189, 13, 23)), (520, (197, 19, 31)), (532, (134, 0, 7)), (544, (146, 3, 9)), (556, (160, 9, 18)), (568, (170, 10, 18)), (580, (183, 12, 20)), (592, (200, 16, 26)), (604, (206, 19, 30)), (616, (210, 20, 32)), (628, (217, 26, 31)), (640, (203, 38, 32)), (652, (225, 143, 147))]
x 470 [(328, (248, 43, 50)), (340, (241, 42, 47)), (352, (238, 42, 46)), (364, (237, 41, 45)), (376, (237, 41, 45)), (388, (236, 41, 45)), (400, (234, 39, 43)), (412, (235, 40, 44)), (424, (234, 39, 43)), (436, (232, 39, 44)), (448, (230, 37, 40)), (460, (229, 36, 39)), (472, (228, 35, 40)), (484, (226, 33, 38)), (496, (225, 32, 35)), (508, (224, 31, 34)), (520, (230, 42, 33)), (532, (161, 18, 22))]
x 520 [(412, (226, 35, 43)), (424, (230, 33, 40)), (436, (229, 34, 40)), (448, (227, 32, 38)), (460, (227, 32, 38)), (472, (226, 31, 37)), (484, (225, 30, 38)), (496, (223, 28, 36)), (508, (223, 28, 36)), (520, (220, 26, 34)), (532, (219, 25, 33)), (544, (218, 24, 32)), (556, (218, 24, 32)), (568, (217, 23, 31)), (580, (213, 22, 29)), (592, (212, 21, 26)), (604, (212, 21, 26)), (616, (211, 23, 22)), (628, (156, 10, 20))]
x 630 [(328, (255, 47, 46)), (340, (244, 42, 40)), (352, (244, 38, 42)), (364, (244, 38, 42)), (376, (245, 36, 41)), (388, (245, 34, 40)), (400, (246, 33, 39)), (412, (246, 33, 39)), (424, (245, 31, 39)), (436, (246, 31, 39)), (448, (245, 31, 39)), (460, (255, 110, 65)), (472, (253, 113, 51)), (484, (252, 117, 53)), (496, (253, 118, 54)), (508, (252, 112, 53)), (520, (249, 104, 49)), (532, (246, 96, 46)), (544, (245, 88, 43)), (556, (244, 80, 42)), (568, (240, 73, 39)), (580, (237, 70, 38)), (592, (234, 63, 37)), (604, (238, 58, 43)), (616, (216, 26, 38)), (628, (221, 30, 35)), (640, (222, 34, 35)), (652, (224, 38, 39)), (664, (228, 44, 44)), (676, (232, 53, 49)), (688, (236, 62, 55)), (700, (242, 72, 59))]
x 665 [(304, (244, 40, 39)), (316, (246, 37, 40)), (328, (245, 36, 41)), (340, (246, 35, 42)), (352, (246, 32, 40)), (364, (246, 32, 40)), (376, (247, 31, 42)), (388, (247, 31, 42)), (400, (247, 30, 41)), (412, (247, 30, 41)), (424, (245, 29, 42)), (436, (250, 100, 47)), (448, (254, 103, 50)), (460, (253, 108, 53)), (472, (253, 113, 52)), (484, (253, 118, 54)), (496, (253, 122, 52)), (508, (253, 126, 55)), (520, (253, 131, 56)), (532, (252, 135, 56)), (544, (252, 139, 59)), (556, (253, 142, 60)), (568, (254, 137, 58)), (580, (251, 118, 53)), (592, (249, 106, 50)), (604, (246, 96, 46)), (616, (244, 84, 48)), (628, (226, 38, 39)), (640, (231, 43, 44)), (652, (234, 50, 50)), (664, (238, 61, 55)), (676, (243, 71, 61)), (688, (248, 77, 70))]
x 700 [(292, (217, 21, 43)), (304, (246, 31, 39)), (316, (245, 31, 39)), (328, (246, 32, 40)), (340, (247, 30, 41)), (352, (254, 29, 47)), (364, (242, 37, 32)), (376, (247, 73, 39)), (388, (253, 79, 44)), (400, (254, 84, 48)), (412, (254, 88, 50)), (424, (253, 92, 48)), (436, (253, 96, 53)), (448, (252, 100, 50)), (460, (252, 105, 53)), (472, (253, 108, 53)), (484, (253, 113, 52)), (496, (252, 117, 51)), (508, (254, 123, 55)), (520, (253, 126, 55)), (532, (253, 131, 56)), (544, (254, 137, 58)), (556, (252, 139, 59)), (568, (252, 143, 58)), (580, (253, 147, 63)), (592, (249, 139, 62)), (604, (226, 30, 34)), (616, (229, 39, 41)), (628, (230, 46, 46)), (640, (223, 62, 54)), (652, (223, 70, 72))]
