### EDGES per y (subpixel crossings, x in 295..730)
286 []
290 [703.5, 711.64]
294 [676.74, 712.28]
298 [377.21, 429.66, 663.68, 712.36]
302 [366.47, 440.04, 654.77, 712.41]
306 [358.34, 448.07, 647.4, 712.36]
310 [352.26, 454.44, 641.57, 712.36]
314 [346.98, 460.02, 636.46, 712.36]
318 [341.89, 464.86, 632.17, 712.36]
322 [338.28, 469.23, 628.38, 712.32]
326 [334.6, 473.19, 625.19, 712.32]
330 [331.36, 476.6, 622.29, 712.32]
334 [328.63, 479.7, 619.41, 712.34]
338 [326.18, 482.76, 617.3, 712.35]
342 [323.77, 485.6, 615.12, 712.35]
346 [321.65, 488.34, 613.4, 712.36]
350 [319.73, 490.77, 611.46, 712.36]
354 [318.3, 493.14, 610.28, 712.35]
358 [316.51, 495.55, 609.14, 712.35]
362 [315.34, 497.58, 608.11, 712.37]
366 [314.38, 499.88, 607.36, 712.37]
370 [313.39, 502.06, 606.46, 712.44]
374 [312.48, 504.28, 606.32, 712.44]
378 [311.82, 506.36, 605.86, 712.42]
382 [311.39, 508.45, 605.61, 712.42]
386 [310.76, 510.55, 605.52, 712.4]
390 [310.49, 512.6, 605.51, 712.4]
394 [310.4, 514.61, 605.47, 712.4]
398 [310.31, 516.68, 605.47, 712.4]
402 [310.07, 518.7, 605.51, 712.39]
406 [310.0, 520.94, 605.51, 712.39]
410 [309.88, 522.85, 605.54, 712.4]
414 [309.82, 525.12, 605.54, 712.4]
418 [309.75, 527.0, 605.55, 712.42]
422 [309.77, 529.24, 605.55, 712.42]
426 [309.79, 531.22, 605.53, 712.41]
430 [309.81, 533.38, 605.53, 712.41]
434 [309.94, 535.43, 605.52, 712.39]
438 [309.85, 416.32, 418.75, 537.53, 605.52, 712.39]
442 [309.79, 416.43, 421.22, 539.51, 605.49, 712.38]
446 [309.79, 416.36, 423.26, 541.52, 605.49, 712.38]
450 [309.88, 416.38, 425.5, 543.62, 605.54, 712.42]
454 [309.88, 416.43, 427.43, 545.62, 605.54, 712.42]
458 [309.92, 416.4, 429.65, 547.62, 605.53, 712.42]
462 [309.92, 416.37, 431.57, 549.69, 605.53, 712.42]
466 [309.94, 416.39, 433.8, 551.83, 605.56, 712.43]
470 [309.94, 416.39, 435.76, 554.04, 605.48, 712.43]
474 [309.94, 416.38, 438.28, 555.79, 605.46, 712.41]
478 [309.94, 416.38, 440.22, 557.96, 605.43, 712.41]
482 [309.96, 416.38, 442.44, 560.16, 605.58, 712.43]
486 [309.96, 416.38, 444.33, 562.43, 605.58, 712.43]
490 [309.98, 416.38, 446.48, 564.4, 605.58, 712.43]
494 [309.98, 416.38, 448.41, 566.44, 605.58, 712.43]
498 [309.91, 416.37, 450.45, 568.5, 605.6, 712.39]
502 [309.91, 416.38, 452.5, 570.52, 605.6, 712.39]
506 [309.91, 416.4, 454.7, 572.51, 605.61, 712.37]
510 [309.91, 416.4, 456.78, 574.58, 605.61, 712.37]
514 [309.94, 416.39, 459.12, 576.58, 605.6, 712.42]
518 [309.94, 416.39, 461.34, 578.78, 605.6, 712.42]
522 [309.98, 416.4, 463.35, 580.64, 605.62, 712.42]
526 [309.98, 416.37, 465.44, 582.7, 605.62, 712.42]
530 [309.86, 416.33, 467.48, 584.91, 605.68, 712.3]
534 [309.86, 416.32, 469.43, 587.17, 605.68, 712.3]
538 [309.91, 416.34, 471.47, 589.02, 605.69, 712.28]
542 [309.91, 416.34, 473.58, 591.21, 605.65, 712.28]
546 [309.88, 416.37, 475.72, 593.28, 605.67, 712.35]
550 [309.88, 416.37, 477.76, 595.4, 605.59, 712.35]
554 [309.88, 416.38, 480.04, 597.38, 605.7, 712.39]
558 [309.88, 416.38, 482.04, 599.58, 605.78, 712.39]
562 [309.85, 416.38, 484.29, 601.5, 605.72, 712.44]
566 [309.85, 416.38, 486.32, 603.77, 605.74, 712.52]
570 [309.85, 416.38, 488.38, 712.5]
574 [309.85, 416.38, 490.4, 712.52]
578 [309.88, 416.37, 492.48, 712.52]
582 [309.88, 416.38, 494.47, 712.54]
586 [309.88, 416.39, 496.52, 712.54]
590 [309.88, 416.39, 498.48, 712.54]
594 [309.82, 416.4, 500.64, 712.54]
598 [309.82, 416.4, 502.63, 712.52]
602 [309.78, 416.42, 505.09, 712.52]
606 [309.78, 416.42, 507.04, 712.41]
610 [309.77, 416.38, 509.19, 712.11]
614 [309.77, 416.37, 511.32, 711.67]
618 [309.77, 416.32, 513.41, 711.48]
622 [309.78, 416.21, 515.37, 710.77]
626 [309.83, 415.88, 517.49, 710.38]
630 [309.86, 415.53, 519.43, 709.56]
634 [309.93, 415.02, 521.49, 708.53]
638 [309.93, 414.52, 523.46, 707.54]
642 [309.93, 413.56, 525.54, 706.57]
646 [309.93, 412.52, 527.62, 705.04]
650 [309.93, 411.29, 530.15, 703.53]
654 [309.93, 409.62, 532.29, 702.16]
658 [309.91, 407.69, 534.47, 700.25]
662 [309.91, 405.85, 537.15, 698.38]
666 [309.98, 403.57, 539.7, 695.81]
670 [309.98, 401.3, 542.5, 693.54]
674 [310.09, 398.52, 545.72, 690.72]
678 [310.02, 395.53, 549.34, 687.56]
682 [310.04, 391.94, 553.06, 683.85]
686 [310.0, 388.15, 557.04, 680.32]
690 [309.96, 383.66, 562.15, 675.75]
694 [309.93, 378.67, 567.53, 670.57]
698 [309.75, 373.0, 573.72, 664.72]
702 [309.74, 366.4, 581.85, 657.23]
706 [309.72, 357.89, 591.9, 647.5]
710 [309.72, 346.0, 609.7, 628.45]
714 [309.79, 324.38]
### TOPBOTTOM per x (subpixel crossings, y in 282..720)
306 []
310 [406.0, 670.33, 679.0, 679.0, 686.0, 714.25]
314 [367.38, 714.85]
318 [354.57, 714.6]
322 [345.48, 714.38]
326 [338.18, 713.7]
330 [332.06, 713.37]
334 [326.78, 712.6]
338 [322.28, 711.7]
342 [317.89, 711.06]
346 [314.66, 710.0]
350 [311.4, 708.89]
354 [308.81, 707.57]
358 [306.3, 705.89]
362 [304.04, 704.37]
366 [302.23, 702.38]
370 [300.44, 699.94]
374 [298.96, 697.52]
378 [297.57, 694.59]
382 [296.57, 691.57]
386 [295.71, 687.96]
390 [295.09, 684.09]
394 [294.45, 679.68]
398 [294.28, 674.7]
402 [294.09, 668.75]
406 [294.18, 661.85]
410 [294.32, 652.89]
414 [294.65, 639.5]
418 [295.29, 436.56]
422 [295.96, 443.7]
426 [297.02, 450.94]
430 [298.17, 458.51]
434 [299.46, 466.23]
438 [301.14, 473.72]
442 [302.78, 481.43]
446 [304.7, 489.33]
450 [307.07, 496.87]
454 [309.54, 504.4]
458 [312.38, 511.79]
462 [315.46, 519.57]
466 [319.19, 527.36]
470 [322.83, 534.83]
474 [327.14, 542.51]
478 [332.02, 550.24]
482 [336.82, 557.96]
486 [342.67, 565.63]
490 [348.75, 573.28]
494 [355.57, 580.89]
498 [362.61, 588.51]
502 [369.91, 596.48]
506 [377.47, 603.89]
510 [385.17, 611.68]
514 [392.75, 619.51]
518 [400.44, 627.18]
522 [408.29, 634.96]
526 [416.17, 642.67]
530 [423.93, 649.85]
534 [431.55, 657.25]
538 [439.4, 663.32]
542 [447.32, 669.15]
546 [455.0, 674.26]
550 [462.55, 678.72]
554 [469.95, 682.85]
558 [478.04, 686.54]
562 [485.45, 689.85]
566 [493.35, 692.93]
570 [501.21, 695.56]
574 [509.0, 698.25]
578 [516.7, 700.31]
582 [524.4, 702.14]
586 [532.09, 703.67]
590 [539.83, 705.54]
594 [547.76, 706.71]
598 [555.27, 707.72]
602 [563.09, 708.69]
606 [376.0, 566.92, 567.14, 709.57]
610 [354.61, 710.06]
614 [344.3, 710.39]
618 [336.48, 710.46]
622 [330.29, 710.47]
626 [324.86, 710.3]
630 [320.35, 709.78]
634 [316.32, 709.51]
638 [312.68, 708.78]
642 [309.62, 707.74]
646 [306.94, 706.63]
650 [304.43, 705.0]
654 [302.32, 703.52]
658 [300.39, 701.6]
662 [298.56, 699.6]
666 [297.31, 697.19]
670 [295.68, 694.48]
674 [294.6, 691.47]
678 [293.49, 687.96]
682 [292.66, 684.38]
686 [291.94, 679.62]
690 [291.37, 675.0]
694 [290.69, 669.1]
698 [290.43, 662.41]
702 [290.26, 654.14]
706 [289.72, 643.25]
710 [289.51, 627.06]
714 []
